255 255 255 255 255 255 255 255 255 255 255 255 255 255 255 255
255 255 255 255 255 255 255 255 255 255 255 255 255 255 255 255
255 255 255 255 255 255 255 255 255 255 255 255 255  32 255 159
255 255 255 255 255 171 171 255 255 255 255 255  96   0 255 255
255 255 255 255 255  32 255 255 255 255 255 255  96   0 255 255
255 255 255 255 255  32 255 255 255 255 255 255  96   0 255 255
255 255 255 255 255  32  32 255 255 255 255 255  96   0 255 255
255 255 255 255 255  32  32 255 255 255 255 255  96   0 255 255
255 223 255 255 255 255 255 255 255 255 255 255 255 255 255 255
255 223 255 255  32  32  32   0 255   0  32 255   0 255   0 255
255 223 255 255 223  32  32 255 255 255 255 255  96 223 255 255
255 139 255 255   0 255  32 255 255 255 255 255  96 223 255 255
255 139 255 255 159 255  32 255 255 255 255 255  96 255 255 255
255   0  32  32   0  60  32   0   0   0  32   0   0   0   0 255
255 255 255 255 255 255 255 255 255 255 255 255 255 255 255 255
255 255 255 255 255 255 255 255 255 255 255 255 255 255 255 255
255 255 255 255 255 255 255 255 255 255 255 255 255 255 255 255
255 255 255 255 255 255 255 255 255 255 255 255 255 255 255 255
255 255 255 255 255 255 255 255 255 255 255 255 255  32 255 159
255 255 255 255 255 171 171 255 255 255 255 255  96   0 255 255
255 255 255 255 255  32 255 255 255 255 255 255  96   0 255 255
255 255 255 255 255  32 255 255 255 255 255 255  96   0 255 255
255 255 255 255 255  32  32 255 255 255 255 255  96   0 255 255
255 255 255 255 255  32  32 255 255 255 255 255  96   0 255 255
255 223 255 255 255 255 255 255 255 255 255 255 255 255 255 255
255 223 255 255  32  32  32   0 255   0  32 255   0 255   0 255
255 223 255 255 223  32  32 255 255 255 255 255  96 223 255 255
255 139 255 255   0 255  32 255 255 255 255 255  96 223 255 255
255 139 255 255 159 255  32 255 255 255 255 255  96 255 255 255
255   0  32  32   0  60  32   0   0   0  32   0   0   0   0 255
255 255 255 255 255 255 255 255 255 255 255 255 255 255 255 255
255 255 255 255 255 255 255 255 255 255 255 255 255 255 255 255
255 255 255 255 255 255 255 255 255 255 255 255 255 255 255 255
255 255 255 255 255 255 255 255 255 255 255 255 255 255 255 255
255 255 255 255 255 255 255 255 255 255 255 255 255  32 255 159
255 255 255 255 255 171 171 255 255 255 255 255  96   0 255 255
255 255 255 255 255  32 255 255 255 255 255 255  96   0 255 255
255 255 255 255 255  32 255 255 255 255 255 255  96   0 255 255
255 255 255 255 255  32  32 255 255 255 255 255  96   0 255 255
255 255 255 255 255  32  32 255 255 255 255 255  96   0 255 255
255 223 255 255 255 255 255 255 255 255 255 255 255 255 255 255
255 223 255 255  32  32  32   0 255   0  32 255   0 255   0 255
255 223 255 255 223  32  32 255 255 255 255 255  96 223 255 255
255 139 255 255   0 255  32 255 255 255 255 255  96 223 255 255
255 139 255 255 159 255  32 255 255 255 255 255  96 255 255 255
255   0  32  32   0  60  32   0   0   0  32   0   0   0   0 255
255 255 255 255 255 255 255 255 255 255 255 255 255 255 255 255
255 255 255 255 255 255 255 255 255 255 255 255 255 255 255 255

255 172 105 219 237 237 237 237 237 210 237 233 237 226 255 255
255 201 234 210 245 245 245 245 245  97 245 242 243 169 255 255
255 215 217 192 155 121 132 179 245 193 179 179 215 143 255 255
255 255 255 163 136 139 140 174 238 152 162 176 191 143 216 255
255 255 255 219 206 250 218 223 247 225 225 181 223 176 236 255
255 255 255 161 160 191 191 187 237 168 191 234 248 175 201 255
255 255 255 157 188 232 202 186 236 163 191 191 190 154 201 255
255 255 255 238 188 236 224 240 251 206 239 196 253 188 243 255
255 255 255 153 149 191 191 185 235 156 191 199 204 151 201 255
255 255 255 194 205 252 216 211 244 199 213 190 212 170 220 255
255 255 255 185 164 195 190 197 242 197 197 195 254 186 218 255
255 255 255 214 169 221 201 194 244 166 148 100 130 166 226 255
255 255 242 177 226 235 193 193 241 213 193 177 193 164 229 255
255 255 249 199 237 251 236 242 242 248 219 217 217 202 255 255
255 255 255 255 255 255 255 240 198 187 197 142 157 136 255 255
255 255 255 255 255 255 255 255 255 255 255 255 255 255 255 255
255 172 105 219 237 237 237 237 237 210 237 233 237 226 255 255
255 201 234 210 245 245 245 245 245  97 245 242 243 169 255 255
255 215 217 192 155 121 132 179 245 193 179 179 215 143 255 255
255 255 255 163 136 139 140 174 238 152 162 176 191 143 216 255
255 255 255 219 206 250 218 223 247 225 225 181 223 176 236 255
255 255 255 161 160 191 191 187 237 168 191 234 248 175 201 255
255 255 255 157 188 232 202 186 236 163 191 191 190 154 201 255
255 255 255 238 188 236 224 240 251 206 239 196 253 188 243 255
255 255 255 153 149 191 191 185 235 156 191 199 204 151 201 255
255 255 255 194 205 252 216 211 244 199 213 190 212 170 220 255
255 255 255 185 164 195 190 197 242 197 197 195 254 186 218 255
255 255 255 214 169 221 201 194 244 166 148 100 130 166 226 255
255 255 242 177 226 235 193 193 241 213 193 177 193 164 229 255
255 255 249 199 237 251 236 242 242 248 219 217 217 202 255 255
255 255 255 255 255 255 255 240 198 187 197 142 157 136 255 255
255 255 255 255 255 255 255 255 255 255 255 255 255 255 255 255
255 172 105 219 237 237 237 237 237 210 237 233 237 226 255 255
255 201 234 210 245 245 245 245 245  97 245 242 243 169 255 255
255 215 217 192 155 121 132 179 245 193 179 179 215 143 255 255
255 255 255 163 136 139 140 174 238 152 162 176 191 143 216 255
255 255 255 219 206 250 218 223 247 225 225 181 223 176 236 255
255 255 255 161 160 191 191 187 237 168 191 234 248 175 201 255
255 255 255 157 188 232 202 186 236 163 191 191 190 154 201 255
255 255 255 238 188 236 224 240 251 206 239 196 253 188 243 255
255 255 255 153 149 191 191 185 235 156 191 199 204 151 201 255
255 255 255 194 205 252 216 211 244 199 213 190 212 170 220 255
255 255 255 185 164 195 190 197 242 197 197 195 254 186 218 255
255 255 255 214 169 221 201 194 244 166 148 100 130 166 226 255
255 255 242 177 226 235 193 193 241 213 193 177 193 164 229 255
255 255 249 199 237 251 236 242 242 248 219 217 217 202 255 255
255 255 255 255 255 255 255 240 198 187 197 142 157 136 255 255
255 255 255 255 255 255 255 255 255 255 255 255 255 255 255 255

255 255 255 255 255 255 255 255 255 255 255 255 255 255 255 255
255 255 255 216 236 201 201 243 201 220 218 226 229 255 255 255
226 169 143 143 176 175 154 188 151 170 186 166 164 202 136 255
237 243 215 191 223 248 190 253 204 212 254 130 193 217 157 255
233 242 179 176 181 234 191 196 199 190 195 100 177 217 142 255
237 245 179 162 225 191 191 239 191 213 197 148 193 219 197 255
210  97 193 152 225 168 163 206 156 199 197 166 213 248 187 255
237 245 245 238 247 237 236 251 235 244 242 244 241 242 198 255
237 245 179 174 223 187 186 240 185 211 197 194 193 242 240 255
237 245 132 140 218 191 202 224 191 216 190 201 193 236 255 255
237 245 121 139 250 191 232 236 191 252 195 221 235 251 255 255
237 245 155 136 206 160 188 188 149 205 164 169 226 237 255 255
219 210 192 163 219 161 157 238 153 194 185 214 177 199 255 255
105 234 217 255 255 255 255 255 255 255 255 255 242 249 255 255
172 201 215 255 255 255 255 255 255 255 255 255 255 255 255 255
255 255 255 255 255 255 255 255 255 255 255 255 255 255 255 255
255 255 255 255 255 255 255 255 255 255 255 255 255 255 255 255
255 255 255 216 236 201 201 243 201 220 218 226 229 255 255 255
226 169 143 143 176 175 154 188 151 170 186 166 164 202 136 255
237 243 215 191 223 248 190 253 204 212 254 130 193 217 157 255
233 242 179 176 181 234 191 196 199 190 195 100 177 217 142 255
237 245 179 162 225 191 191 239 191 213 197 148 193 219 197 255
210  97 193 152 225 168 163 206 156 199 197 166 213 248 187 255
237 245 245 238 247 237 236 251 235 244 242 244 241 242 198 255
237 245 179 174 223 187 186 240 185 211 197 194 193 242 240 255
237 245 132 140 218 191 202 224 191 216 190 201 193 236 255 255
237 245 121 139 250 191 232 236 191 252 195 221 235 251 255 255
237 245 155 136 206 160 188 188 149 205 164 169 226 237 255 255
219 210 192 163 219 161 157 238 153 194 185 214 177 199 255 255
105 234 217 255 255 255 255 255 255 255 255 255 242 249 255 255
172 201 215 255 255 255 255 255 255 255 255 255 255 255 255 255
255 255 255 255 255 255 255 255 255 255 255 255 255 255 255 255
255 255 255 255 255 255 255 255 255 255 255 255 255 255 255 255
255 255 255 216 236 201 201 243 201 220 218 226 229 255 255 255
226 169 143 143 176 175 154 188 151 170 186 166 164 202 136 255
237 243 215 191 223 248 190 253 204 212 254 130 193 217 157 255
233 242 179 176 181 234 191 196 199 190 195 100 177 217 142 255
237 245 179 162 225 191 191 239 191 213 197 148 193 219 197 255
210  97 193 152 225 168 163 206 156 199 197 166 213 248 187 255
237 245 245 238 247 237 236 251 235 244 242 244 241 242 198 255
237 245 179 174 223 187 186 240 185 211 197 194 193 242 240 255
237 245 132 140 218 191 202 224 191 216 190 201 193 236 255 255
237 245 121 139 250 191 232 236 191 252 195 221 235 251 255 255
237 245 155 136 206 160 188 188 149 205 164 169 226 237 255 255
219 210 192 163 219 161 157 238 153 194 185 214 177 199 255 255
105 234 217 255 255 255 255 255 255 255 255 255 242 249 255 255
172 201 215 255 255 255 255 255 255 255 255 255 255 255 255 255
255 255 255 255 255 255 255 255 255 255 255 255 255 255 255 255

255 255 255 255 255 255 255 255 255 255 255 255 255 255 255 255
255 255 136 157 142 197 187 198 240 255 255 255 255 255 255 255
255 255 202 217 217 219 248 242 242 236 251 237 199 249 255 255
255 229 164 193 177 193 213 241 193 193 235 226 177 242 255 255
255 226 166 130 100 148 166 244 194 201 221 169 214 255 255 255
255 218 186 254 195 197 197 242 197 190 195 164 185 255 255 255
255 220 170 212 190 213 199 244 211 216 252 205 194 255 255 255
255 201 151 204 199 191 156 235 185 191 191 149 153 255 255 255
255 243 188 253 196 239 206 251 240 224 236 188 238 255 255 255
255 201 154 190 191 191 163 236 186 202 232 188 157 255 255 255
255 201 175 248 234 191 168 237 187 191 191 160 161 255 255 255
255 236 176 223 181 225 225 247 223 218 250 206 219 255 255 255
255 216 143 191 176 162 152 238 174 140 139 136 163 255 255 255
255 255 143 215 179 179 193 245 179 132 121 155 192 217 215 255
255 255 169 243 242 245  97 245 245 245 245 245 210 234 201 255
255 255 226 237 233 237 210 237 237 237 237 237 219 105 172 255
255 255 255 255 255 255 255 255 255 255 255 255 255 255 255 255
255 255 136 157 142 197 187 198 240 255 255 255 255 255 255 255
255 255 202 217 217 219 248 242 242 236 251 237 199 249 255 255
255 229 164 193 177 193 213 241 193 193 235 226 177 242 255 255
255 226 166 130 100 148 166 244 194 201 221 169 214 255 255 255
255 218 186 254 195 197 197 242 197 190 195 164 185 255 255 255
255 220 170 212 190 213 199 244 211 216 252 205 194 255 255 255
255 201 151 204 199 191 156 235 185 191 191 149 153 255 255 255
255 243 188 253 196 239 206 251 240 224 236 188 238 255 255 255
255 201 154 190 191 191 163 236 186 202 232 188 157 255 255 255
255 201 175 248 234 191 168 237 187 191 191 160 161 255 255 255
255 236 176 223 181 225 225 247 223 218 250 206 219 255 255 255
255 216 143 191 176 162 152 238 174 140 139 136 163 255 255 255
255 255 143 215 179 179 193 245 179 132 121 155 192 217 215 255
255 255 169 243 242 245  97 245 245 245 245 245 210 234 201 255
255 255 226 237 233 237 210 237 237 237 237 237 219 105 172 255
255 255 255 255 255 255 255 255 255 255 255 255 255 255 255 255
255 255 136 157 142 197 187 198 240 255 255 255 255 255 255 255
255 255 202 217 217 219 248 242 242 236 251 237 199 249 255 255
255 229 164 193 177 193 213 241 193 193 235 226 177 242 255 255
255 226 166 130 100 148 166 244 194 201 221 169 214 255 255 255
255 218 186 254 195 197 197 242 197 190 195 164 185 255 255 255
255 220 170 212 190 213 199 244 211 216 252 205 194 255 255 255
255 201 151 204 199 191 156 235 185 191 191 149 153 255 255 255
255 243 188 253 196 239 206 251 240 224 236 188 238 255 255 255
255 201 154 190 191 191 163 236 186 202 232 188 157 255 255 255
255 201 175 248 234 191 168 237 187 191 191 160 161 255 255 255
255 236 176 223 181 225 225 247 223 218 250 206 219 255 255 255
255 216 143 191 176 162 152 238 174 140 139 136 163 255 255 255
255 255 143 215 179 179 193 245 179 132 121 155 192 217 215 255
255 255 169 243 242 245  97 245 245 245 245 245 210 234 201 255
255 255 226 237 233 237 210 237 237 237 237 237 219 105 172 255
